1 CMSSN: C529                      ACCUMULATOR HISTORY DETAIL BY ACCUMULATOR TYPE                 DATE: 2018-MAY-29  TIME:  1:45PM
                                         FROM 2018 MAY 15 THRU 2018 MAY 15                                           PAGE:      1
0      ACCUMULATOR TYPE     :    151
       ACCUMULATOR TYPE DSC : GARNISHEE BALANCE
0                                                                         IGFS                    IGSI                   TOTAL
       CNSLT           CACT        CURRENT                         ACCUMULATED             ACCUMULATED             ACCUMULATED
       NUM             TYPE        DEALERSHIP                           AMOUNT                  AMOUNT                  AMOUNT
       ========================================================================================================================
-        2783            1         IGFS (7759)                        3,311.28                    0.00                3,311.28
         3433            1         IGFS (7759)                        1,930.70                    0.00                1,930.70
         4000            1         IGFS (7759)                        2,200.00                    0.00                2,200.00
         4229            1         IGFS (7759)                       64,293.95                    0.00               64,293.95
         5956            1         IGFS (7759)                      122,203.50                    0.00              122,203.50
        11226            1         IGFS (7759)                       10,170.02                    0.00               10,170.02
        13970            1         IGFS (7759)                       13,121.86                    0.00               13,121.86
        14429            1         IGFS (7759)                       23,628.88                    0.00               23,628.88
        16142            1         IGFS (7759)                          725.88                    0.00                  725.88
        16863            1         IGFS (7759)                       59,097.41                    0.00               59,097.41
        17056            1         IGFS (7759)                      120,810.13                    0.00              120,810.13
        18439            1         IGFS (7759)                       20,243.81                    0.00               20,243.81
        18860            1         IGFS (7759)                        3,168.78                    0.00                3,168.78
        19031            1         IGFS (7759)                      314,135.18                    0.00              314,135.18
        20004            1         IGFS (7759)                      136,813.50                    0.00              136,813.50
        20340            1         IGFS (7759)                        5,192.96                    0.00                5,192.96
        20931            1         IGFS (7759)                       17,982.58                    0.00               17,982.58
        21382            1         IGFS (7759)                       23,319.94                    0.00               23,319.94
        21902            1         IGFS (7759)                       21,847.52                    0.00               21,847.52
        22936            1         IGFS (7759)                       35,387.31                    0.00               35,387.31
        26050            1         IGFS (7759)                        8,226.34                    0.00                8,226.34
        27596            1         IGFS (7759)                        2,863.44                    0.00                2,863.44
        28392            1         IGFS (7759)                       15,885.24                    0.00               15,885.24
        28717            1         IGFS (7759)                       13,314.08                    0.00               13,314.08
        29256            1         IGFS (7759)                        2,394.42                    0.00                2,394.42
        29529            1         IGFS (7759)                       16,958.28                    0.00               16,958.28
        30750            1         IGFS (7759)                        1,096.88                    0.00                1,096.88
        31575            1         IGFS (7759)                          212.69                    0.00                  212.69
        31938            1         IGFS (7759)                       53,693.08                    0.00               53,693.08
-                                                           -------------------     -------------------     -------------------
       TOTAL ACCUMULATED AMOUNT                                   1,114,229.64                    0.00            1,114,229.64
0                                               ********** END OF REPORT **********