1 CMSSN: C529                      ACCUMULATOR HISTORY DETAIL BY ACCUMULATOR TYPE                 DATE: 2018-JUN-14  TIME: 10:49AM
                                         FROM 2018 MAY 16 THRU 2018 MAY 31                                           PAGE:      1
0      ACCUMULATOR TYPE     :      7
       ACCUMULATOR TYPE DSC : OTHER ADVANCES
0                                                                         IGFS                    IGSI                   TOTAL
       CNSLT           CACT        CURRENT                         ACCUMULATED             ACCUMULATED             ACCUMULATED
       NUM             TYPE        DEALERSHIP                           AMOUNT                  AMOUNT                  AMOUNT
       ========================================================================================================================
-        2838            1         IGFS (7759)                        1,679.53                    0.00                1,679.53
         4437            1         IGFS (7759)                        3,500.00                    0.00                3,500.00
         4533            1         IGFS (7759)                        3,000.00                    0.00                3,000.00
         4837            1         IGFS (7759)                       30,000.00                    0.00               30,000.00
         6018            1         IGFS (7759)                        4,000.00                    0.00                4,000.00
         6383            1         IGFS (7759)                        3,500.00                    0.00                3,500.00
         9078            3         IGFS (7759)                          432.63                    0.00                  432.63
        11101            1         IGFS (7759)                        1,250.00                    0.00                1,250.00
        11324            3         IGFS (7759)                      100,000.00                    0.00              100,000.00
        11636            1         IGFS (7759)                      100,000.00                    0.00              100,000.00
        12080            1         IGFS (7759)                        3,700.00                    0.00                3,700.00
        12277            1         IGFS (7759)                      100,000.00                    0.00              100,000.00
        13757            3         IGFS (7759)                          429.75                    0.00                  429.75
        13954            1         IGFS (7759)                        5,000.00                    0.00                5,000.00
        14574            3         IGFS (7759)                      100,000.00                    0.00              100,000.00
        15890            1         IGFS (7759)                        4,000.00                    0.00                4,000.00
        16974            1         IGFS (7759)                        2,500.00                    0.00                2,500.00
        17046            1         IGFS (7759)                        5,000.00                    0.00                5,000.00
        17855            1         IGFS (7759)                        1,800.00                    0.00                1,800.00
        18439            1         IGFS (7759)                        5,000.00                    0.00                5,000.00
        18783            1         IGFS (7759)                        5,000.00                    0.00                5,000.00
        19121            1         IGFS (7759)                        4,000.00                    0.00                4,000.00
        19730            1         IGFS (7759)                        5,000.00                    0.00                5,000.00
        19953            1         IGFS (7759)                        8,000.00                    0.00                8,000.00
        20356            1         IGFS (7759)                        1,800.00                    0.00                1,800.00
        20631            1         IGFS (7759)                        1,700.00                    0.00                1,700.00
        21707            1         IGFS (7759)                        3,000.00                    0.00                3,000.00
        22367            1         IGFS (7759)                        2,650.00                    0.00                2,650.00
        22406            1         IGFS (7759)                        3,000.00                    0.00                3,000.00
        22470            1         IGFS (7759)                        2,000.00                    0.00                2,000.00
        22636            3         IGFS (7759)                       15,000.00                    0.00               15,000.00
        22963            1         IGFS (7759)                        2,500.00                    0.00                2,500.00
        23000            3         IGFS (7759)                        3,000.00                    0.00                3,000.00
        23807            1         IGFS (7759)                        3,000.00                    0.00                3,000.00
        23880            3         IGFS (7759)                        5,000.00                    0.00                5,000.00
        24358            1         IGFS (7759)                        5,000.00                    0.00                5,000.00
        24458            1         IGFS (7759)                        2,000.00                    0.00                2,000.00
        24700            1         IGFS (7759)                        4,000.00                    0.00                4,000.00
        24706            1         IGFS (7759)                          432.75                    0.00                  432.75
        25877            1         IGFS (7759)                          850.00                    0.00                  850.00
        26018            1         IGFS (7759)                        4,000.00                    0.00                4,000.00
        26258            1         IGFS (7759)                        2,250.00                    0.00                2,250.00
        26330            1         IGFS (7759)                        3,000.00                    0.00                3,000.00
        26338            1         IGFS (7759)                        5,000.00                    0.00                5,000.00
        26373            1         IGFS (7759)                       10,000.00                    0.00               10,000.00
        26391            1         IGSI (9737)                            0.00                2,200.00                2,200.00
        26533            1         IGFS (7759)                        2,500.00                    0.00                2,500.00
        26607            1         IGFS (7759)                        4,500.00                    0.00                4,500.00
1 CMSSN: C529                      ACCUMULATOR HISTORY DETAIL BY ACCUMULATOR TYPE                 DATE: 2018-JUN-14  TIME: 10:49AM
                                         FROM 2018 MAY 16 THRU 2018 MAY 31                                           PAGE:      2
0      ACCUMULATOR TYPE     :      7
       ACCUMULATOR TYPE DSC : OTHER ADVANCES
0                                                                         IGFS                    IGSI                   TOTAL
       CNSLT           CACT        CURRENT                         ACCUMULATED             ACCUMULATED             ACCUMULATED
       NUM             TYPE        DEALERSHIP                           AMOUNT                  AMOUNT                  AMOUNT
       ========================================================================================================================
-       26920            1         IGFS (7759)                        6,600.00                    0.00                6,600.00
        26957            1         IGFS (7759)                        1,000.00                    0.00                1,000.00
        27111            1         IGFS (7759)                        3,000.00                    0.00                3,000.00
        27298            1         IGFS (7759)                        2,500.00                    0.00                2,500.00
        27312            1         IGFS (7759)                        1,600.00                    0.00                1,600.00
        27825            1         IGFS (7759)                        1,500.00                    0.00                1,500.00
        27861            1         IGFS (7759)                        3,000.00                    0.00                3,000.00
        28136            1         IGFS (7759)                        1,800.00                    0.00                1,800.00
        28259            1         IGFS (7759)                        5,000.00                    0.00                5,000.00
        28478            1         IGFS (7759)                        2,000.00                    0.00                2,000.00
        28524            1         IGFS (7759)                        3,600.00                    0.00                3,600.00
        28580            1         IGFS (7759)                        2,700.00                    0.00                2,700.00
        28591            1         IGFS (7759)                        4,000.00                    0.00                4,000.00
        28825            1         IGFS (7759)                        1,000.00                    0.00                1,000.00
        28827            1         IGFS (7759)                        1,500.00                    0.00                1,500.00
        28880            1         IGFS (7759)                        5,000.00                    0.00                5,000.00
        28941            1         IGFS (7759)                        5,000.00                    0.00                5,000.00
        28986            1         IGFS (7759)                        4,000.00                    0.00                4,000.00
        29064            1         IGFS (7759)                        2,500.00                    0.00                2,500.00
        29288            1         IGFS (7759)                        5,000.00                    0.00                5,000.00
        29353            1         IGFS (7759)                        3,500.00                    0.00                3,500.00
        29429            1         IGFS (7759)                        1,500.00                    0.00                1,500.00
        29488            1         IGFS (7759)                        3,000.00                    0.00                3,000.00
        29536            1         IGFS (7759)                        4,000.00                    0.00                4,000.00
        29611            1         IGFS (7759)                        2,000.00                    0.00                2,000.00
        29636            1         IGFS (7759)                        2,000.00                    0.00                2,000.00
        29686            1         IGFS (7759)                        1,500.00                    0.00                1,500.00
        29709            1         IGFS (7759)                        2,700.00                    0.00                2,700.00
        29792            1         IGFS (7759)                        2,500.00                    0.00                2,500.00
        29956            1         IGFS (7759)                        2,000.00                    0.00                2,000.00
        30100            1         IGFS (7759)                        1,500.00                    0.00                1,500.00
        30179            1         IGFS (7759)                        2,000.00                    0.00                2,000.00
        30225            1         IGFS (7759)                        1,200.00                    0.00                1,200.00
        30285            1         IGFS (7759)                        2,800.00                    0.00                2,800.00
        30449            1         IGFS (7759)                        2,000.00                    0.00                2,000.00
        30733            1         IGFS (7759)                        1,100.00                    0.00                1,100.00
        30977            1         IGFS (7759)                        1,000.00                    0.00                1,000.00
        31017            1         IGFS (7759)                        4,000.00                    0.00                4,000.00
        31088            1         IGFS (7759)                        3,000.00                    0.00                3,000.00
        31188            1         IGFS (7759)                        5,000.00                    0.00                5,000.00
        31189            1         IGFS (7759)                        7,000.00                    0.00                7,000.00
        31195            1         IGFS (7759)                        4,000.00                    0.00                4,000.00
        31259            1         IGFS (7759)                        3,800.00                    0.00                3,800.00
        31298            1         IGFS (7759)                        3,000.00                    0.00                3,000.00
        31300            1         IGFS (7759)                        2,280.00                    0.00                2,280.00
        31412            1         IGFS (7759)                        2,000.00                    0.00                2,000.00
        31444            1         IGFS (7759)                        1,800.00                    0.00                1,800.00
        31484            1         IGFS (7759)                        2,000.00                    0.00                2,000.00
1 CMSSN: C529                      ACCUMULATOR HISTORY DETAIL BY ACCUMULATOR TYPE                 DATE: 2018-JUN-14  TIME: 10:49AM
                                         FROM 2018 MAY 16 THRU 2018 MAY 31                                           PAGE:      3
0      ACCUMULATOR TYPE     :      7
       ACCUMULATOR TYPE DSC : OTHER ADVANCES
0                                                                         IGFS                    IGSI                   TOTAL
       CNSLT           CACT        CURRENT                         ACCUMULATED             ACCUMULATED             ACCUMULATED
       NUM             TYPE        DEALERSHIP                           AMOUNT                  AMOUNT                  AMOUNT
       ========================================================================================================================
-       31490            1         IGFS (7759)                        4,000.00                    0.00                4,000.00
        31531            1         IGFS (7759)                        1,000.00                    0.00                1,000.00
        31548            1         IGFS (7759)                          340.00                    0.00                  340.00
        31747            1         IGFS (7759)                        1,500.00                    0.00                1,500.00
        31845            1         IGFS (7759)                        1,780.00                    0.00                1,780.00
        31853            1         IGFS (7759)                        1,500.00                    0.00                1,500.00
        31905            1         IGFS (7759)                        3,000.00                    0.00                3,000.00
        31952            1         IGFS (7759)                        1,200.00                    0.00                1,200.00
        31974            1         IGFS (7759)                          300.00                    0.00                  300.00
        32040            1         IGFS (7759)                        2,200.00                    0.00                2,200.00
        32063            1         IGFS (7759)                        3,450.00                    0.00                3,450.00
        32079            1         IGFS (7759)                          490.70                    0.00                  490.70
        32160            1         IGFS (7759)                        2,500.00                    0.00                2,500.00
        32163            1         IGFS (7759)                        2,000.00                    0.00                2,000.00
        32174            1         IGFS (7759)                        3,000.00                    0.00                3,000.00
        32181            1         IGFS (7759)                        6,000.00                    0.00                6,000.00
        32197            1         IGFS (7759)                        2,000.00                    0.00                2,000.00
        32247            1         IGFS (7759)                        4,500.00                    0.00                4,500.00
        32256            1         IGFS (7759)                        5,000.00                    0.00                5,000.00
        32260            1         IGFS (7759)                          397.10                    0.00                  397.10
        32268            1         IGFS (7759)                        2,500.00                    0.00                2,500.00
        32282            1         IGFS (7759)                        3,313.47                    0.00                3,313.47
        32284            1         IGFS (7759)                        4,500.00                    0.00                4,500.00
        32293            1         IGFS (7759)                        4,150.00                    0.00                4,150.00
        32297            1         IGFS (7759)                        2,048.00                    0.00                2,048.00
        32318            1         IGFS (7759)                        1,200.00                    0.00                1,200.00
        32331            1         IGFS (7759)                        1,500.00                    0.00                1,500.00
        32346            1         IGFS (7759)                        1,738.00                    0.00                1,738.00
        32357            1         IGFS (7759)                        1,000.00                    0.00                1,000.00
        32366            1         IGFS (7759)                        3,000.00                    0.00                3,000.00
        32368            1         IGFS (7759)                        2,500.00                    0.00                2,500.00
        32371            1         IGFS (7759)                        2,500.00                    0.00                2,500.00
        32400            1         IGFS (7759)                        2,000.00                    0.00                2,000.00
        32401            1         IGFS (7759)                        1,000.00                    0.00                1,000.00
        32403            1         IGFS (7759)                        2,500.00                    0.00                2,500.00
        32407            1         IGFS (7759)                        5,000.00                    0.00                5,000.00
-                                                           -------------------     -------------------     -------------------
       TOTAL ACCUMULATED AMOUNT                                     806,061.93                2,200.00              808,261.93
0                                               ********** END OF REPORT **********