1 CMSSN: C529                      ACCUMULATOR HISTORY DETAIL BY ACCUMULATOR TYPE                 DATE: 2018-MAY-29  TIME:  1:45PM
                                         FROM 2018 MAY 1  THRU 2018 MAY 15                                           PAGE:      1
0      ACCUMULATOR TYPE     :      7
       ACCUMULATOR TYPE DSC : OTHER ADVANCES
0                                                                         IGFS                    IGSI                   TOTAL
       CNSLT           CACT        CURRENT                         ACCUMULATED             ACCUMULATED             ACCUMULATED
       NUM             TYPE        DEALERSHIP                           AMOUNT                  AMOUNT                  AMOUNT
       ========================================================================================================================
-         176            1         IGFS (7759)                        3,500.00                    0.00                3,500.00
         1852            1         IGFS (7759)                       10,000.00                    0.00               10,000.00
         1919            1         IGFS (7759)                        5,000.00                    0.00                5,000.00
         2783            1         IGFS (7759)                          950.00                    0.00                  950.00
         3191            1         IGFS (7759)                        1,500.00                    0.00                1,500.00
         4437            1         IGFS (7759)                        4,700.00                    0.00                4,700.00
         4481            1         IGFS (7759)                        6,000.00                    0.00                6,000.00
         4533            1         IGFS (7759)                        4,000.00                    0.00                4,000.00
         6018            1         IGFS (7759)                        7,500.00                    0.00                7,500.00
         6383            1         IGFS (7759)                        3,500.00                    0.00                3,500.00
         9078            3         IGFS (7759)                          301.10                    0.00                  301.10
        11101            1         IGFS (7759)                        1,250.00                    0.00                1,250.00
        11582            1         IGFS (7759)                        2,500.00                    0.00                2,500.00
        13757            3         IGFS (7759)                          769.05                    0.00                  769.05
        13954            1         IGFS (7759)                        5,000.00                    0.00                5,000.00
        15633            1         IGFS (7759)                        4,950.00                    0.00                4,950.00
        15890            1         IGFS (7759)                        4,000.00                    0.00                4,000.00
        16002            1         IGFS (7759)                        4,900.00                    0.00                4,900.00
        16220            1         IGFS (7759)                        5,000.00                    0.00                5,000.00
        16963            1         IGFS (7759)                        3,500.00                    0.00                3,500.00
        17046            1         IGFS (7759)                        5,000.00                    0.00                5,000.00
        17113            1         IGFS (7759)                        4,500.00                    0.00                4,500.00
        17855            1         IGFS (7759)                        1,800.00                    0.00                1,800.00
        17877            1         IGFS (7759)                        7,000.00                    0.00                7,000.00
        18397            1         IGFS (7759)                        2,200.00                    0.00                2,200.00
        18506            1         IGFS (7759)                       10,000.00                    0.00               10,000.00
        18960            1         IGFS (7759)                        2,000.00                    0.00                2,000.00
        19384            1         IGFS (7759)                        5,000.00                    0.00                5,000.00
        19518            1         IGFS (7759)                        4,900.00                    0.00                4,900.00
        20356            1         IGFS (7759)                        1,500.00                    0.00                1,500.00
        20631            1         IGFS (7759)                        1,500.00                    0.00                1,500.00
        21247            1         IGFS (7759)                        5,000.00                    0.00                5,000.00
        21434            1         IGFS (7759)                        5,000.00                    0.00                5,000.00
        21988            1         IGFS (7759)                        2,000.00                    0.00                2,000.00
        22367            1         IGFS (7759)                        2,650.00                    0.00                2,650.00
        22797            1         IGFS (7759)                        5,000.00                    0.00                5,000.00
        22963            1         IGFS (7759)                        2,250.00                    0.00                2,250.00
        23462            1         IGFS (7759)                        2,000.00                    0.00                2,000.00
        23938            1         IGFS (7759)                        1,500.00                    0.00                1,500.00
        24054            1         IGFS (7759)                        5,000.00                    0.00                5,000.00
        24358            1         IGFS (7759)                        5,000.00                    0.00                5,000.00
        24458            1         IGFS (7759)                        3,000.00                    0.00                3,000.00
        25482            1         IGFS (7759)                        2,500.00                    0.00                2,500.00
        25677            1         IGFS (7759)                        5,000.00                    0.00                5,000.00
        25877            1         IGFS (7759)                        2,300.00                    0.00                2,300.00
        26533            1         IGFS (7759)                        2,500.00                    0.00                2,500.00
        26841            1         IGFS (7759)                        2,150.00                    0.00                2,150.00
        26992            1         IGFS (7759)                        2,000.00                    0.00                2,000.00
1 CMSSN: C529                      ACCUMULATOR HISTORY DETAIL BY ACCUMULATOR TYPE                 DATE: 2018-MAY-29  TIME:  1:45PM
                                         FROM 2018 MAY 1  THRU 2018 MAY 15                                           PAGE:      2
0      ACCUMULATOR TYPE     :      7
       ACCUMULATOR TYPE DSC : OTHER ADVANCES
0                                                                         IGFS                    IGSI                   TOTAL
       CNSLT           CACT        CURRENT                         ACCUMULATED             ACCUMULATED             ACCUMULATED
       NUM             TYPE        DEALERSHIP                           AMOUNT                  AMOUNT                  AMOUNT
       ========================================================================================================================
-       27070            1         IGFS (7759)                        5,000.00                    0.00                5,000.00
        27111            1         IGFS (7759)                          500.00                    0.00                  500.00
        27298            1         IGFS (7759)                        4,000.00                    0.00                4,000.00
        27312            1         IGFS (7759)                        2,800.00                    0.00                2,800.00
        27393            1         IGFS (7759)                        3,000.00                    0.00                3,000.00
        27700            1         IGFS (7759)                        2,600.00                    0.00                2,600.00
        27744            1         IGFS (7759)                          400.00                    0.00                  400.00
        27825            1         IGFS (7759)                        3,000.00                    0.00                3,000.00
        27861            1         IGFS (7759)                        2,000.00                    0.00                2,000.00
        28075            1         IGFS (7759)                        2,000.00                    0.00                2,000.00
        28136            1         IGFS (7759)                        1,800.00                    0.00                1,800.00
        28259            1         IGFS (7759)                        2,000.00                    0.00                2,000.00
        28515            1         IGFS (7759)                        2,750.00                    0.00                2,750.00
        28591            1         IGFS (7759)                        4,000.00                    0.00                4,000.00
        28825            1         IGFS (7759)                        1,500.00                    0.00                1,500.00
        28827            1         IGFS (7759)                        6,000.00                    0.00                6,000.00
        28907            1         IGFS (7759)                        1,000.00                    0.00                1,000.00
        28986            1         IGFS (7759)                        2,000.00                    0.00                2,000.00
        29064            1         IGFS (7759)                        1,050.00                    0.00                1,050.00
        29288            1         IGFS (7759)                        5,000.00                    0.00                5,000.00
        29353            1         IGFS (7759)                        2,000.00                    0.00                2,000.00
        29433            1         IGFS (7759)                        3,258.12                    0.00                3,258.12
        29686            1         IGFS (7759)                        1,500.00                    0.00                1,500.00
        29843            1         IGFS (7759)                        5,000.00                    0.00                5,000.00
        29952            1         IGFS (7759)                        5,000.00                    0.00                5,000.00
        30045            1         IGFS (7759)                        2,900.00                    0.00                2,900.00
        30100            1         IGFS (7759)                        3,000.00                    0.00                3,000.00
        30105            1         IGFS (7759)                        5,000.00                    0.00                5,000.00
        30219            1         IGFS (7759)                        2,000.00                    0.00                2,000.00
        30220            1         IGFS (7759)                        1,500.00                    0.00                1,500.00
        30225            1         IGFS (7759)                        1,200.00                    0.00                1,200.00
        30398            1         IGFS (7759)                        5,000.00                    0.00                5,000.00
        30454            1         IGFS (7759)                        1,500.00                    0.00                1,500.00
        30619            1         IGFS (7759)                        1,000.00                    0.00                1,000.00
        31195            1         IGFS (7759)                        3,000.00                    0.00                3,000.00
        31257            1         IGFS (7759)                        1,800.00                    0.00                1,800.00
        31259            1         IGFS (7759)                        1,000.00                    0.00                1,000.00
        31274            1         IGFS (7759)                        4,000.00                    0.00                4,000.00
        31298            1         IGFS (7759)                        1,500.00                    0.00                1,500.00
        31412            1         IGFS (7759)                        2,500.00                    0.00                2,500.00
        31418            1         IGFS (7759)                        2,000.00                    0.00                2,000.00
        31444            1         IGFS (7759)                          500.00                    0.00                  500.00
        31484            1         IGFS (7759)                        3,000.00                    0.00                3,000.00
        31490            1         IGFS (7759)                        4,000.00                    0.00                4,000.00
        31509            1         IGFS (7759)                        3,000.00                    0.00                3,000.00
        31547            1         IGFS (7759)                        6,000.00                    0.00                6,000.00
        31548            1         IGFS (7759)                          650.00                    0.00                  650.00
        31647            1         IGFS (7759)                        4,000.00                    0.00                4,000.00
1 CMSSN: C529                      ACCUMULATOR HISTORY DETAIL BY ACCUMULATOR TYPE                 DATE: 2018-MAY-29  TIME:  1:45PM
                                         FROM 2018 MAY 1  THRU 2018 MAY 15                                           PAGE:      3
0      ACCUMULATOR TYPE     :      7
       ACCUMULATOR TYPE DSC : OTHER ADVANCES
0                                                                         IGFS                    IGSI                   TOTAL
       CNSLT           CACT        CURRENT                         ACCUMULATED             ACCUMULATED             ACCUMULATED
       NUM             TYPE        DEALERSHIP                           AMOUNT                  AMOUNT                  AMOUNT
       ========================================================================================================================
-       31699            1         IGFS (7759)                        2,000.00                    0.00                2,000.00
        31747            1         IGFS (7759)                        1,100.00                    0.00                1,100.00
        31812            1         IGFS (7759)                        3,000.00                    0.00                3,000.00
        31868            1         IGFS (7759)                        2,500.00                    0.00                2,500.00
        31894            1         IGFS (7759)                        1,500.00                    0.00                1,500.00
        31961            1         IGFS (7759)                        1,500.00                    0.00                1,500.00
        32040            1         IGFS (7759)                        3,000.00                    0.00                3,000.00
        32063            1         IGFS (7759)                        6,900.00                    0.00                6,900.00
        32079            1         IGFS (7759)                          838.73                    0.00                  838.73
        32087            1         IGFS (7759)                        4,500.00                    0.00                4,500.00
        32105            1         IGFS (7759)                        3,000.00                    0.00                3,000.00
        32121            1         IGFS (7759)                        1,000.00                    0.00                1,000.00
        32133            1         IGFS (7759)                        1,130.00                    0.00                1,130.00
        32146            1         IGFS (7759)                          500.00                    0.00                  500.00
        32155            1         IGFS (7759)                        1,850.00                    0.00                1,850.00
        32160            1         IGFS (7759)                        2,500.00                    0.00                2,500.00
        32181            1         IGFS (7759)                        1,800.00                    0.00                1,800.00
        32210            1         IGFS (7759)                        5,000.00                    0.00                5,000.00
        32212            1         IGFS (7759)                        5,000.00                    0.00                5,000.00
        32225            1         IGFS (7759)                        7,000.00                    0.00                7,000.00
        32255            1         IGFS (7759)                        5,000.00                    0.00                5,000.00
        32260            1         IGFS (7759)                          566.95                    0.00                  566.95
        32267            1         IGFS (7759)                        3,000.00                    0.00                3,000.00
        32268            1         IGFS (7759)                        2,500.00                    0.00                2,500.00
        32282            1         IGFS (7759)                        5,000.00                    0.00                5,000.00
        32284            1         IGFS (7759)                          900.00                    0.00                  900.00
        32291            1         IGFS (7759)                        2,000.00                    0.00                2,000.00
        32293            1         IGFS (7759)                        8,300.00                    0.00                8,300.00
        32297            1         IGFS (7759)                        4,096.00                    0.00                4,096.00
        32304            1         IGFS (7759)                        2,146.60                    0.00                2,146.60
        32328            1         IGFS (7759)                        1,600.00                    0.00                1,600.00
        32331            1         IGFS (7759)                        2,000.00                    0.00                2,000.00
        32346            1         IGFS (7759)                        3,476.00                    0.00                3,476.00
        32357            1         IGFS (7759)                        1,000.00                    0.00                1,000.00
        32368            1         IGFS (7759)                        5,000.00                    0.00                5,000.00
        32371            1         IGFS (7759)                        1,800.00                    0.00                1,800.00
        32396            1         IGFS (7759)                        2,500.00                    0.00                2,500.00
-                                                           -------------------     -------------------     -------------------
       TOTAL ACCUMULATED AMOUNT                                     414,782.55                    0.00              414,782.55
0                                               ********** END OF REPORT **********